0.9993946021713044
0.6965494316692252
0.5795596294777553
0.6042595462632261
0.5443871426038547
0.5526967595943312
0.49008117645948307
0.48429271611645436
0.4146135587567702
0.42300563991468243
0.37317048508235584
0.3572636262456081
0.38185227184049003
0.3984448507062362
0.43399453368928487
0.431377578938512
0.4577835935961742
0.5022752463072399
0.5051584545949992
0.5383221463792326
0.5328398999579782
0.5468432879066525
0.5050418882220339
0.49402505651058853
0.42503841765495864
0.46722266595733203
0.4333293931532754
0.43583242641019027
0.4454368246576609
0.4231317298682598
0.3907274354610851
0.36980486742790475
0.3782162447426319
0.3712052234251678
0.32336275337531095
0.2778278948280859
0.2844071636466379
0.2410256030107486
0.2729409275780808
0.28457392911826646
0.25756799437820793
0.25038147558639545
0.26264962632443717
0.2184797596992215
0.25200726248518446
0.2864685751136646
0.29617791143553296
0.25410660042834254
0.22640454658967094
0.2561926182967297
0.27013204002076874
0.2723651695815966
0.24580618909417126
0.2536234061149641
0.24755870638763275
0.2595802197411488
0.2538528911108797
0.24172193506422582
0.22318608902368223
0.20539102639726975
0.20064078504074187
0.19958693631735
0.17917447707865639
0.21376227328604433
0.18734535454332
0.14958984227245253
0.1636247019512638
0.14009750638913046
0.1443986342022491
0.17317115720156553
0.17722961043979138
0.18415834754530228
0.16419158388438598
0.15964927240939494
0.15692509356705006
0.1493603154637337
0.1587863413096864
0.16044551551142527
0.184658083063725
0.1505390692554283
0.15724000028033422
